$ 1 0.000005 382.76258214399064 50 5 43 5e-11
v -80 400 -80 224 0 1 60 180 0 0 0.5
d 336 400 288 400 2 default
d 288 400 384 224 2 default
d 240 224 384 224 2 default
d 336 400 240 224 2 default
209 432 224 432 400 0 0.00047 22.955606577597464 0.001 1
404 -80 224 -16 224 0 0.0613 6.73 0 false
r -16 224 -16 400 0 100000
w -80 400 -16 400 0
r 560 224 560 272 0 1000
34 zener-13 0 1.7143528192810002e-7 0 2 13 0
z 560 400 560 272 2 zener-13
T 32 224 224 400 0 4 0.13333333333333333 0.2554687531187684 -2.3126777604076665e-8 0.999
w 240 400 288 400 0
w 384 224 432 224 0
w 336 400 432 400 0
174 656 272 656 320 1 5000 0.005 Resistance
r 656 336 656 400 0 2200
w 560 400 656 400 0
t 672 304 736 304 0 1 -10.24176735882881 0.714417793098157 100 default
w 560 224 736 224 0
w 736 224 736 288 0
r 736 320 736 400 0 120
w 736 400 656 400 0
w 784 320 736 320 0
w 784 400 736 400 0
162 496 224 496 288 2 default-led 1 0 0 0.01
r 496 288 496 400 0 1000
w 560 400 496 400 0
w 496 400 432 400 0
w 432 224 496 224 0
w 496 224 560 224 0
d 784 400 784 320 2 default
g 784 400 784 432 0 0
403 432 16 592 112 0 30_64_0_4099_40_0.2_-1_2_30_3
403 528 480 688 576 0 21_64_0_4099_20_0.2_-1_2_21_3
r 560 272 656 272 0 82
s -16 224 32 224 4 0 false Chave
w 32 400 -16 400 0
x -139 332 -97 335 4 12 Tomada
x -4 333 36 336 4 12 Varistor
x -68 243 -30 246 4 12 Fusível
x 271 253 351 256 4 12 Ponte\sde\sdiodo
x 56 425 160 428 4 16 Transformador
x -4 443 161 446 4 12 AC\s180Vp\s~\sCC\spulsante\s24Vp
403 -80 80 96 192 0 0_64_0_4099_320_0.8_-1_2_0_3
w 224 224 240 224 0
w 224 400 240 400 0
x 233 542 435 545 4 12 Controla\so\sfluxo\sde\scorrente\sde\sforma\s
x 234 558 429 561 4 12 que\sa\scorrente\ssiga\sum\sfluxo\spositivo
x 234 574 359 577 4 12 para\so\sresto\sdo\scircuito.
x 233 595 467 598 4 12 Vout\s\q\sVin\s-\s1,4V\s\q>\sVout\s\q\s24\s-\s1,4\s\q\s23,6V
403 240 448 400 544 0 45_64_0_4099_40_3.2_-1_2_45_3
x 370 332 421 335 4 12 Capacitor
x 439 138 785 141 4 12 Ao\sligar\so\scircuito\se\scarregar\so\scapacitor,\sa\scada\squeda\sde\stensão
x 605 149 606 152 4 12 \0
x 439 153 777 156 4 12 na\sponte\sde\sdiodo,\sa\stensão\sse\smantém\spor\scausa\sdo\scapacitor,
x 438 169 776 172 4 12 que\sdescarrega\slentamente\saté\sque\suma\scarga\smaior\sde\stensão
x 437 184 843 187 4 12 que\sa\sdisponível\sno\scapacitor\sforneça\sa\scorrente\snecessária\spara\scarrega-lo.
x 528 465 737 468 4 16 Saída\s(Regulador\sde\sTensão)
x 461 240 481 243 4 12 Led
x 526 424 592 427 4 12 Diodo\sZener
x 751 285 832 288 4 12 Transistor\sNPN
x 801 366 832 369 4 12 Diodo
x 632 260 709 263 4 12 Potenciômetro
x 600 372 644 375 4 12 Resistor
x 681 354 725 357 4 12 Resistor
x 585 294 629 297 4 12 Resistor
x 541 215 585 218 4 12 Resistor
x 442 374 486 377 4 12 Resistor
x 431 3 499 6 4 16 Capacitor
x 230 438 337 441 4 16 Ponte\sde\sdiodo
x -80 62 -24 65 4 16 Entrada
o 21 64 0 4099 20 0.2 0 2 21 3
o 26 64 0 4099 40 0.05 1 2 26 3
